48
49
50
77
78
145
146
147
173
174
175
242
243
271
272
339
367
368
436
465
466
532
533
561
562
628
629
630
657
658
659
725
726
755
822
823
851
852
918
919
947
1014
1015
1043
1044
1111
1112
1139
1140
1141
1208
1209
1236
1237
1238
1303
1304
1305
1332
1333
1399
1400
1427
1428
1495
1496
1524
1525
1592
1620
1621
1688
1689
1690
1717
1718
1785
1786
1813
1814
1881
1882
1883
1910
1911
1978
1979
2007
2008
2075
2076
2103
2104
2171
2172
2200
2201
2268
2269
2296
2297
2298
2365
2366
2393
2394
2458
2459
2486
2487
2488
2554
2555
2556
2583
2584
2651
2652
2680
2681
2747
2748
2775
2776
2843
2844
2870
2871
2938
2939
2966
2967
2968
3034
3035
3063
3064
3131
3132
3159
3160
3226
3227
3254
3255
3322
3323
3350
3351
3352
3419
3420
3448
3515
3516
3544
3545
3612
3613
3641
3708
3709
3737
3738
3805
3806
3807
3833
3834
3835
3902
3903
3930
3931
3995
3996
4023
4024
4025
4091
4092
4119
4120
4121
4187
4188
4216
4217
4284
4285
4312
4313
4378
4379
4406
4407
4408
4474
4475
4503
4504
4571
4572
4600
4601
4668
4669
4696
4697
4764
4765
4792
4793
4794
4860
4861
4862
4889
4890
4957
4958
4986
4987
5054
5055
5082
5083
5150
5151
5179
5180
5246
5247
5274
5275
5343
5344
5371
5372
5438
5439
5466
5467
5534
5535
5536
5562
5563
5630
5631
5659
5660
5725
5753
5754
5821
5822
5850
5851
5918
5946
5947
5948
6014
6015
6042
6043
6110
6111
6138
6139
6140
6206
6207
6235
6236
6303
6304
6332
6333
6399
6400
6428
6429
6496
6497
6525
6592
6593
6594
6621
6622
6689
6690
6717
6718
6719
6786
6787
6814
6815
6882
6883
6910
6911
6978
6979
6980
7006
7007
7008
7075
7076
7103
7104
7105
7171
7172
7200
7201
7268
7269
7297
7298
7362
7363
7391
7392
7459
7460
7461
7488
7489
7556
7557
7584
7585
7586
7652
7653
7681
7682
7750
7751
7778
7779
7844
7845
7873
7874
7941
7942
7968
7969
7970
8037
8064
8065
8066
8131
8132
8133
8160
8161
8228
8229
8256
8257
8324
8325
8352
8353
8421
8422
8449
8450
8515
8516
8544
8545
8612
8613
8641
8642
8709
8710
8738
8805
8806
8807
8834
8835
8903
8904
8931
8932
8999
9000
9028
9029
9096
9097
9125
9126
9193
9194
9222
9223
9290
9291
9319
9320
9387
9388
9415
9416
9484
9485
9513
9514
9581
9582
9609
9610
9677
9678
9679
9706
9707
9773
9774
9775
9802
9803
9870
9871
9872
9899
9900
9966
9967
9995
9996
10063
10064
10091
10092
10093
10160
10161
10189
10190
10256
10257
10258
10285
10286
10287
10353
10354
10383
10451
10452
10480
10546
10547
10575
10576
10644
10645
10672
10673
10739
10740
10768
10769
10834
10835
10863
10864
10930
10931
10959
10960
11027
11028
11056
11057
11124
11125
11153
11154
11240
11241
11308
11309
11337
11338
11405
11406
11434
11435
11502
11503
11530
11531
11532
11599
11600
11627
11628
11696
11697
11724
11725
11792
11793
11821
11822
11823
11889
11890
11917
11918
11919
11985
11986
12014
12015
12083
12084
12111
12112
12178
12179
12207
12208
12275
12276
12277
12304
12305
12370
12371
12372
12399
12400
12467
12468
12496
12497
12563
12564
12591
12592
12593
12660
12661
12689
12690
12756
12757
12784
12785
12853
12854
12882
12883
12950
12951
12978
12979
13046
13073
13074
13142
13143
13170
13171
13236
13237
13265
13266
13333
13334
13362
13363
13430
13431
13458
13459
13526
13527
13553
13554
13555
13622
13623
13649
13650
13651
13717
13718
13746
13747
13813
13814
13842
13843
13908
13909
13937
13938
14043
14044
14069
14070
14131
14132
14158
14159
14219
14220
14245
14246
14308
14309
14333
14334
14393
14394
14419
14420
14481
14482
14508
14509
14570
14571
14596
14597
14657
14658
14683
14684
14745
14746
14771
14772
14833
14834
14863
14929
14930
14958
15024
15025
15053
15054
15118
15119
15147
15148
15215
15216
15244
15245
15312
15313
15341
15342
15409
15410
15437
15438
15506
15507
15535
15536
15603
15604
15631
15632
15633
15700
15701
15729
15730
15797
15798
15826
15827
15894
15895
15896
15922
15923
15924
15989
15990
16018
16019
16086
16087
16115
16116
16182
16183
16211
16212
16279
16280
16308
16309
16374
16375
16402
16403
16471
16472
16500
16501
16568
16569
16596
16597
16665
16666
16694
16695
16762
16763
16790
16791
16859
16860
16886
16887
16888
16955
16956
16984
16985
17052
17053
17080
17081
17082
17149
17150
17178
17179
17246
17247
17274
17275
17276
17343
17344
17371
17372
17440
17441
17468
17469
17536
17537
17565
17566
17634
17635
17661
17662
17729
17730
17758
17759
17827
17855
17856
17923
17924
17952
17953
18020
18048
18049
18050
18116
18117
18118
18146
18147
18212
18213
18241
18242
18308
18309
18310
18338
18406
18407
18435
18502
18503
18531
18532
18600
18601
18628
18629
18696
18697
18725
18726
18793
18794
18821
18822
18823
18890
18891
18919
18920
18987
19015
19016
19017
19084
19085
19112
19113
19180
19181
19209
19210
19276
19277
19305
19306
19373
19374
19375
19402
19403
19470
19471
19499
19500
19567
19568
19569
19594
19595
19663
19664
19692
19693
19760
19761
19788
19789
19857
19858
19886
19887
19953
19954
19955
19982
19983
20051
20052
20079
20080
20147
20148
20149
20176
20177
20244
20245
20273
20274
20341
20342
20343
20370
20371
20438
20439
20466
20467
20468
20535
20536
20563
20564
20632
20633
20660
20661
20662
20728
20729
20757
20758
20826
20827
20852
20853
20854
20919
20920
20947
20948
21016
21017
21044
21045
21112
21113
21141
21142
21209
21210
21238
21239
21306
21307
21335
21336
21403
21404
21432
21433
21500
21528
21529
21597
21626
21627
21693
21694
21722
21723
21724
21790
21791
21792
21820
21887
21888
21889
21916
21917
21984
21985
22013
22014
22081
22082
22083
22110
22111
22178
22179
22207
22208
22274
22275
22302
22303
22370
22371
22399
22400
22467
22468
22496
22497
22562
22563
22591
22592
22659
22660
22688
22689
22756
22757
22784
22785
22852
22853
22881
22882
22949
22950
22977
22978
23046
23047
23075
23076
23143
23144
23171
23172
23173
23240
23241
23268
23269
23270
23337
23338
23366
23367
23433
23434
23462
23463
23531
23532
23560
23626
23627
23628
23655
23656
23724
23725
23752
23753
23820
23821
23848
23849
23850
23917
23945
23946
24014
24015
24043
24044
24110
24111
24112
24139
24140
24208
24209
24236
24237
24303
24304
24305
24331
24332
24399
24400
24428
24429
24496
24497
24498
24525
24526
24593
24594
24621
24622
24690
24691
24718
24719
24787
24815
24816
24883
24884
24912
24913
24980
24981
25009
25010
25077
25078
25106
25107
25173
25174
25203
25271
25272
25300
25367
25368
25396
25397
25464
25465
25466
25492
25493
25494
25561
25562
25589
25590
25591
25657
25658
25659
25686
25687
25755
25756
25783
25784
25785
25851
25852
25880
25881
25949
25950
25977
25978
26045
26046
26074
26075
26142
26143
26205
26206
26242
26243
26302
26339
26340
26399
26400
26436
26437
26495
26496
26533
26534
26593
26629
26630
26687
26688
26724
26725
26784
26821
26822
26881
26882
26918
26919
26977
26978
27015
27075
27111
27112
27169
27170
27206
27207
27264
27265
27301
27302
27361
27362
27398
27399
27457
27458
27495
27496
27555
27591
27592
27651
27652
27689
27690
27748
27784
27785
27844
27845
27882
27940
27941
27977
28035
28036
28071
28072
28131
28132
28168
28169
28228
28263
28323
28324
28359
28360
28419
28420
28456
28457
28516
28517
28552
28553
28613
28649
28650
28707
28744
28804
28840
28841
28900
28934
28935
28989
28990
29023
29077
29078
29111
29112
29165
29166
29199
29200
29253
29254
29287
29288
29342
29376
29429
29463
29514
29515
29548
29549
29603
29604
29636
29637
29689
29690
29723
29724
29772
29804
29805
29852
29881
29929
29961
29985
30018
30019
30073
30107
30108
30160
30194
30248
30249
30282
30336
30337
30370
30371
30425
30426
30459
30513
30514
30547
30548
30601
30602
30635
30636
30688
30689
30722
30723
30776
30810
30811
30865
30899
30953
30987
31041
31042
31075
31076
31130
31212
31246
31299
31333
31386
31419
31420
31472
31506
31561
31594
31649
31682
31734
31735
31767
31821
31822
31856
31910
31944
31998
31999
32033
32087
32121
32175
32176
32209
32210
32264
32298
32352
32353
32387
32441
32475
32529
32530
32563
32617
32618
32652
32706
32707
32740
32795
32829
32883
32917
32971
32972
33005
33006
33081
33082
33133
33134
33167
33168
33206
33207
33236
33288
33289
33318
33319
33352
33406
33407
33462
33463
33496
33497
33551
33585
33637
33638
33672
33724
33725
33757
33758
33810
33811
33844
33845
33899
33932
33933
33987
34020
34021
34074
34075
34108
34109
34163
34164
34197
34198
34251
34252
34285
34286
34339
34340
34373
34374
34427
34428
34461
34462
34516
34550
34603
34637
34691
34692
34724
34725
34779
34780
34813
34814
34868
34869
34902
34903
34956
34957
34990
34991
35045
35079
35133
35134
35167
35210
35211
35243
35244
35297
35330
35331
35382
35415
35466
35467
35500
35554
35555
35588
35641
35674
35675
35728
35760
35761
35812
35846
35847
35907
35943
35944
36003
36004
36040
36041
36100
36101
36137
36138
36194
36195
36232
36233
36291
36292
36329
