4
5
65
90
91
155
181
182
183
243
269
270
271
333
360
361
419
420
445
446
509
510
533
534
595
620
621
683
711
712
773
798
799
862
863
887
888
945
946
969
970
1033
1034
1058
1110
1111
1138
1139
1206
1207
1208
1233
1234
1235
1302
1303
1331
1332
1398
1399
1425
1426
1494
1495
1522
1523
1524
1590
1591
1619
1620
1685
1686
1713
1714
1781
1782
1783
1810
1811
1878
1879
1907
1908
1973
1974
2001
2002
2069
2095
2096
2163
2164
2165
2192
2193
2284
2351
2352
2353
2380
2381
2449
2450
2476
2477
2544
2545
2571
2572
2637
2638
2665
2666
2732
2759
2760
2824
2825
2853
2854
2920
2921
2949
2950
3017
3018
3044
3045
3046
3112
3113
3140
3141
3207
3208
3236
3237
3304
3305
3331
3332
3400
3401
3428
3429
3430
3497
3498
3584
3585
3612
3613
3681
3709
3710
3777
3778
3806
3807
3874
3875
3903
3904
3971
3972
3997
3998
3999
4066
4067
4093
4094
4161
4162
4163
4190
4191
4258
4259
4286
4287
4353
4354
4355
4382
4383
4450
4451
4477
4478
4479
4546
4547
4574
4575
4642
4643
4671
4672
4739
4740
4767
4768
4836
4837
4864
4865
4930
4931
4958
4959
4960
5027
5028
5055
5056
5123
5124
5150
5151
5217
5218
5245
5246
5313
5314
5342
5343
5410
5411
5438
5439
5507
5508
5535
5536
5604
5605
5632
5633
5700
5701
5702
5729
5730
5796
5823
5824
5825
5892
5920
5921
5922
5988
5989
6017
6018
6083
6084
6111
6112
6177
6178
6207
6275
6276
6304
6371
6372
6400
6401
6467
6468
6495
6496
6497
6563
6564
6591
6592
6593
6659
6660
6661
6685
6686
6754
6755
6782
6783
6850
6851
6879
6880
6947
6948
6976
6977
7043
7044
7070
7071
7072
7138
7139
7167
7168
7235
7236
7237
7261
7329
7330
7356
7357
7422
7423
7451
7452
7519
7520
7548
7549
7615
7616
7617
7644
7645
7712
7713
7740
7741
7808
7809
7836
7837
7838
7904
7905
7906
7933
7934
8000
8028
8029
8096
8097
8123
8124
8192
8193
8220
8221
8288
8289
8317
8318
8385
8386
8412
8413
8414
8481
8482
8510
8511
8578
8579
8606
8607
8674
8675
8703
8771
8772
8799
8800
8867
8868
8894
8895
8963
8964
8991
8992
9059
9060
9087
9088
9154
9155
9156
9182
9183
9184
9251
9252
9280
9281
9348
9349
9376
9377
9445
9473
9474
9541
9542
9570
9571
9636
9637
9664
9665
9732
9733
9734
9761
9828
9829
9857
9858
9923
9924
9950
9951
10017
10018
10019
10046
10047
10115
10116
10140
10141
10206
10207
10234
10235
10236
10301
10302
10303
10330
10331
10399
10425
10426
10493
10521
10522
10590
10617
10618
10685
10686
10714
10715
10779
10780
10807
10808
10875
10876
10904
10905
10971
10972
10973
11000
11064
11065
11093
11094
11161
11162
11190
11191
11258
11259
11287
11288
11355
11356
11383
11384
11451
11452
11453
11480
11481
11548
11549
11577
11578
11644
11645
11672
11673
11674
11739
11740
11768
11835
11836
11837
11864
11865
11931
11932
11959
11960
12026
12027
12054
12055
12122
12123
12148
12149
12216
12217
12244
12245
12310
12311
12338
12339
12405
12406
12434
12435
12502
12503
12530
12531
12598
12599
12626
12627
12694
12695
12722
12723
12791
12792
12819
12820
12887
12888
12916
12917
12984
12985
13011
13012
13079
13080
13108
13109
13176
13177
13204
13205
13206
13271
13272
13299
13300
13367
13368
13395
13396
13459
13460
13488
13489
13556
13557
13583
13584
13651
13652
13680
13747
13748
13775
13776
13841
13842
13870
13871
13938
13939
13966
13967
14035
14036
14063
14064
14131
14132
14160
14161
14228
14229
14255
14256
14257
14323
14324
14351
14352
14419
14420
14448
14449
14517
14518
14545
14546
14611
14612
14640
14641
14707
14708
14736
14737
14801
14802
14830
14897
14898
14899
14926
14927
14993
14994
15021
15022
15087
15088
15116
15117
15184
15212
15213
15280
15281
15308
15309
15310
15377
15405
15406
15407
15473
15474
15475
15502
15503
15570
15571
15598
15599
15663
15664
15693
15761
15762
15790
15857
15858
15886
15887
15953
15954
15955
15981
15982
15983
16050
16051
16078
16079
16080
16147
16148
16175
16176
16241
16242
16269
16270
16336
16337
16365
16366
16433
16434
16435
16462
16463
16529
16530
16557
16558
16624
16625
16626
16653
16654
16722
16723
16750
16751
16817
16818
16846
16847
16914
16915
16942
16943
17010
17011
17038
17039
17106
17107
17108
17135
17136
17203
17204
17232
17233
17300
17301
17328
17329
17396
17397
17424
17425
17492
17493
17521
17522
17589
17590
17617
17618
17619
17685
17686
17687
17714
17715
17782
17783
17810
17811
17878
17879
17880
17907
17908
17975
17976
18004
18005
18072
18073
18100
18101
18168
18169
18196
18197
18264
18265
18292
18293
18360
18361
18387
18388
18389
18456
18457
18484
18485
18552
18553
18581
18582
18649
18650
18678
18679
18746
18747
18774
18775
18842
18843
18870
18871
18938
18939
18967
18968
19035
19036
19063
19064
19131
19132
19133
19160
19161
19228
19229
19256
19257
19316
19317
19384
19385
19413
19414
19481
19482
19509
19510
19577
19578
19579
19606
19607
19674
19675
19702
19703
19704
19769
19770
19797
19798
19865
19866
19894
19895
19962
19963
19990
19991
19992
20059
20086
20087
20154
20155
20183
20184
20251
20279
20280
20347
20348
20376
20377
20443
20444
20445
20472
20473
20539
20540
20569
20636
20637
20665
20666
20733
20734
20761
20762
20829
20830
20857
20858
20925
20926
20953
20954
21020
21021
21048
21049
21116
21117
21144
21145
21146
21211
21212
21213
21240
21241
21308
21309
21337
21338
21405
21406
21433
21434
21501
21502
21529
21530
21597
21598
21626
21627
21694
21722
21723
21790
21791
21819
21820
21886
21887
21915
21916
21983
21984
22011
22012
22079
22080
22107
22108
22174
22175
22176
22203
22204
22272
22273
22300
22301
22368
22369
22396
22397
22465
22466
22493
22494
22562
22563
22589
22590
22657
22658
22659
22686
22687
22755
22756
22783
22784
22849
22850
22878
22879
22946
22947
22974
22975
22976
23043
23044
23071
23072
23073
23140
23141
23169
23236
23237
23265
23266
23333
23334
23362
23363
23430
23431
23458
23459
23527
23528
23556
23557
23624
23625
23652
23653
23721
23722
23748
23749
23750
23817
23818
23845
23846
23912
23913
23914
23940
23941
24008
24009
24010
24037
24038
24105
24106
24134
24202
24203
24204
24231
24232
24298
24299
24326
24327
24395
24396
24423
24424
24490
24518
24519
24587
24615
24616
24683
24684
24712
24713
24780
24781
24808
24809
24810
24876
24877
24905
24906
24973
24974
25002
25003
25070
25071
25099
25167
25168
25195
25196
25262
25263
25290
25291
25358
25359
25387
25388
25455
25456
25484
25485
25552
25553
25580
25581
25649
25650
25677
25678
25745
25746
25747
25774
25775
25842
25843
25870
25871
25939
25940
25967
25968
26035
26036
26037
26064
26065
26132
26133
26160
26161
26229
26230
26257
26258
26259
26326
26327
26354
26355
26423
26424
26451
26452
26520
26521
26548
26549
26616
26617
26650
26651
26679
26680
26747
26748
26775
26776
26844
26845
26873
26874
26941
26942
26969
26970
27037
27038
27065
27066
27134
27135
27162
27163
27228
27229
27256
27257
27258
27326
27354
27355
27420
27421
27448
27449
27450
27517
27518
27545
27546
27547
27614
27615
27642
27643
27644
27710
27711
27712
27739
27740
27808
27809
27836
27837
27904
27905
27906
27933
27934
28002
28003
28030
28031
28098
28099
28100
28127
28128
28195
28196
28224
28225
28291
28292
28320
28321
28388
28389
28417
28418
28485
28486
28514
28515
28582
28583
28611
28612
28679
28680
28708
28776
28777
28778
28804
28805
28806
28873
28874
28901
28902
28969
28970
28998
28999
29067
29095
29096
29163
29164
29165
29192
29193
29261
29262
29289
29290
29358
29359
29386
29387
29454
29455
29483
29484
29552
29553
29580
29581
29648
29649
29650
29677
29678
29746
29747
29774
29775
29842
29843
29871
29872
29939
29940
29968
29969
30036
30037
30065
30066
30132
30133
30161
30162
30229
30230
30258
30326
30327
30355
30356
30423
30424
30451
30452
30520
30521
30549
30550
30614
30615
30642
30643
30644
30711
30712
30739
30740
30741
30808
30809
30836
30837
30838
30905
30906
30934
31000
31001
31029
31030
31097
31098
31124
31125
31126
31190
31191
31218
31219
31287
31288
31316
31317
31384
31412
31413
31481
31482
31510
31511
31577
31578
31579
31606
31607
31608
31674
31675
31703
31704
31770
31771
31799
31865
31866
31894
31895
31961
31962
31989
31990
32056
32057
32058
32085
32086
32153
32154
32182
32183
32251
32279
32280
32347
32348
32349
32376
32377
32444
32445
32446
32473
32474
32541
32542
32569
32570
32635
32636
32664
32665
32733
32734
32761
32762
32830
32831
32858
32859
32860
32927
32928
32955
32956
33024
33025
33053
33054
33121
33122
33149
33150
33151
33218
33219
33247
33248
33313
33314
33342
33343
33410
33411
33412
33438
33439
33440
33506
33507
33535
33536
33603
33604
33632
33633
33700
33701
33729
33730
33796
33797
33823
33824
33825
33891
33892
33919
33920
33984
33985
34013
34014
34075
34076
34103
34104
34166
34167
34168
34195
34196
34260
34288
34289
34357
34358
34385
34386
34450
34451
34478
34479
34480
34545
34546
34547
34574
34575
34642
34643
34644
34671
34672
34739
34740
34741
34768
34769
34836
34837
34838
34865
34866
34933
34934
34935
34962
34963
35030
35031
35058
35059
35127
35128
35156
35157
35222
35223
35250
35251
35319
35347
35348
35415
35416
35417
35444
35445
35512
35513
35541
35542
35609
35610
35638
35704
35705
35733
35800
35801
35802
35829
35830
35896
35897
35924
35925
35992
35993
36020
36021
36022
36088
36089
36116
36117
36182
36183
36211
36212
36279
36280
36307
36308
36372
36373
36400
36401
36465
36466
36493
36494
36495
36562
36563
36589
36590
36658
36659
36686
36687
36688
36753
36754
36780
36781
36847
36848
36875
36876
36877
36941
36942
36968
36969
37035
37036
37037
37064
37065
37132
37133
37134
37161
37162
37227
37228
37256
37257
37324
37325
37326
37353
37354
37421
37422
37448
37449
37450
37515
37516
37543
37544
37612
37613
37640
37641
37708
37709
37736
37737
37804
37805
37832
37833
37900
37901
37929
37930
37997
37998
38025
38026
38093
38094
38095
38122
38123
38189
38190
38191
38218
38219
38286
38287
38288
38315
38316
38383
38384
38412
38413
38480
38481
38508
38509
38577
38578
38606
38607
38674
38675
38702
38703
38704
38770
38771
38799
38800
38867
38868
38895
38896
38963
38964
38991
38992
39060
39061
39088
39089
39156
39157
39184
39185
39186
39253
39254
39282
39283
39349
39377
39378
39446
39474
39475
39542
39543
39571
39572
39637
39638
39639
39666
39667
39734
39735
39736
39764
39831
39832
39833
39860
39861
39928
39929
39957
40025
40026
40054
40055
40122
40123
40150
40151
40219
40220
40247
40248
40316
40317
40344
40345
40413
40414
40441
40442
40510
40511
40538
40539
40540
40607
40608
40635
40636
40704
40705
40732
40733
40801
40802
40829
40830
40831
40898
40899
40926
40927
40994
40995
41022
41023
41024
41089
41090
41117
41118
41186
41187
41214
41215
41283
41284
41311
41312
41379
41380
41381
41408
41409
41477
41478
41505
41506
41573
41574
41602
41603
41671
41672
41699
41700
41766
41767
41768
41795
41796
41863
41864
41892
41893
41960
41961
41989
41990
42057
42058
42086
42087
42152
42153
42180
42181
42248
42249
42277
42278
42345
42346
42373
42374
42440
42441
42468
42469
