107
695
696
725
726
727
728
729
730
790
831
832
833
932
933
980
998
1034
1035
1138
1139
1140
1141
1142
1170
2049
2050
2051
2052
2053
2054
2055
2056
2057
2058
2059
2060
2061
2062
2063
2064
2065
2066
2067
2068
2141
2175
2176
2177
2178
2235
2279
2280
2331
2381
2382
2479
2480
2481
2519
2585
2586
2587
2588
2589
2590
2591
2592
2593
2594
2595
2608
2609
2610
2611
2612
3487
3488
3489
3490
3491
3506
3507
3508
3509
3510
3511
3512
3513
3514
3515
3581
3619
3620
3621
3721
3722
3822
3823
3867
3925
3926
3927
3928
3962
4032
4033
4034
4035
4036
4037
4038
4039
4040
4041
4042
4043
4044
4045
4046
4047
4048
4049
4050
4928
4929
4956
4957
4958
4959
4960
5022
5062
5063
5064
5164
5165
5213
5265
5266
5307
5369
5370
5371
5372
5401
5402
6278
6279
6280
6281
6282
6283
6284
6285
6286
6287
6288
6289
6290
6291
6292
6293
6294
6369
6402
6403
6404
6405
6507
6508
6608
6609
6655
6710
6711
6712
6750
6815
6816
6817
6818
6819
6820
6821
6822
6823
6841
6842
6843
6844
7214
7722
7723
7724
7725
7726
7727
7737
7738
7739
7740
7741
7742
7743
7744
7745
7746
7747
7748
7815
7850
7851
7852
7953
7954
8003
8054
8098
8155
8156
8157
8192
8263
8264
8265
8266
8267
8268
8269
8270
8271
8272
8273
8274
8275
8276
8277
8278
8279
8280
8281
8282
8283
9163
9164
9165
9191
9192
9193
9194
9195
9196
9258
9298
9299
9300
9354
9401
9503
9504
9546
9606
9607
9608
9609
9610
9640
10525
10526
10527
10528
10529
10530
10531
10532
10533
10534
10535
10613
10646
10647
10648
10649
10750
10751
10803
10850
10851
10897
10905
10951
10952
10953
11056
11057
11058
11059
11060
11061
11062
11063
11084
11085
11086
11459
11958
11959
11960
11961
11962
11963
11964
11965
11966
11967
11968
11969
11970
11971
11972
11973
11974
11975
11976
11977
11978
11979
11980
11981
11982
11983
12051
12052
12088
12089
12090
12191
12192
12292
12293
12393
12394
12395
12431
12501
12502
12503
12504
12505
12506
12507
12508
12509
12510
12511
12512
12513
12514
12515
12516
12517
12518
12519
12520
12521
12522
12523
12524
13400
13401
13402
13426
13427
13428
13429
13430
13431
13495
13535
13589
13635
13735
13736
13737
13779
13838
13839
13840
13841
13872
14280
14281
14308
14309
14310
14311
14366
14402
14403
14495
14496
14539
14558
14588
14589
14626
14630
14681
14682
14683
14684
14685
14686
14710
14711
15577
15578
15579
15580
15581
15582
15583
15584
15585
15586
15587
15588
15589
15590
15591
15592
15593
15594
15595
15596
15597
15669
15705
15706
15707
15809
15810
15911
15912
16011
16012
16013
16117
16118
16119
16120
16121
16122
16123
16124
16125
16126
16127
16128
16138
16139
16140
16141
16142
16143
16144
16245
17024
17025
17026
17027
17044
17045
17046
17047
17048
17049
17050
17051
17052
17156
17157
17258
17259
17309
17360
17361
17463
17464
17465
17466
17500
17574
17575
17576
17577
17578
17579
17580
17581
17582
17583
17584
17585
17586
17587
17588
17589
17590
17591
18472
18473
18502
18503
18504
18505
18506
18609
18610
18663
18711
18712
18812
18813
18814
18916
18917
18918
18919
18920
18921
18948
18949
18954
19832
19833
19834
19835
19836
19837
19838
19839
19840
19841
19842
19843
19844
19845
19846
19847
19848
19849
19922
19923
19957
19958
19959
19960
20018
20062
20063
20163
20164
20210
20265
20266
20267
20305
20372
20373
20374
20375
20376
20377
20378
20379
20380
20395
20396
20397
20398
20399
21278
21279
21280
21281
21282
21296
21297
21298
21299
21300
21301
21302
21303
21304
21305
21409
21410
21411
21512
21513
21614
21615
21717
21718
21719
21754
21755
21826
21827
21828
21829
21830
21831
21832
21833
21834
21835
21836
21837
21838
21839
21840
21841
21842
21843
21844
21845
21846
22726
22727
22728
22754
22755
22756
22757
22758
22759
22820
22861
22862
22916
22963
22964
23012
23065
23066
23169
23170
23171
23172
23202
23203
24086
24087
24088
24089
24090
24091
24092
24093
24094
24095
24096
24097
24098
24099
24100
24177
24178
24211
24212
24213
24272
24313
24314
24414
24415
24462
24517
24518
24557
24622
24623
24624
24625
24626
24627
24628
24649
24650
24651
25533
25534
25535
25536
25537
25538
25539
25540
25541
25542
25543
25544
25545
25546
25547
25548
25549
25550
25551
25552
25553
25554
25555
25556
25557
25558
25559
25627
25663
25664
25665
25666
25722
25767
25768
25869
25870
25914
25972
25973
26009
26080
26081
26082
26083
26084
26085
26086
26087
26088
26089
26090
26091
26092
26093
26094
26095
26096
26097
26098
26099
26100
26101
26102
26229
26230
26231
26232
26251
26252
26253
26254
26255
26256
26257
26258
26361
26362
26363
26464
26465
26514
26566
26567
26669
26670
26671
26672
26703
26778
26779
26780
26781
26782
26783
26784
26785
26786
26787
26788
26789
26790
26791
26792
26793
26794
27674
27703
27704
27705
27706
27707
27809
27810
27911
27912
27959
27973
27974
28011
28012
28013
28051
28113
28114
28115
28116
28117
28118
28145
28146
29013
29014
29015
29016
29017
29018
29019
29020
29021
29022
29023
29024
29025
29026
29027
29028
29029
29030
29097
29129
29130
29131
29184
29223
29224
29271
29316
29386
29409
29410
29411
29444
29504
29505
29506
29507
29508
29509
29510
29511
29524
29525
29526
29527
30534
30535
30560
30561
30562
30563
30564
30620
30657
30658
30749
30841
30842
30843
30936
30937
30938
30939
30940
30966
30967
31497
31498
31499
31500
31501
31502
31503
31504
31505
31506
31507
31508
31509
31510
31511
31580
31581
31610
31611
31612
31613
31705
31706
31751
31795
31796
31838
31889
31890
31925
31929
31985
31986
31987
31988
31989
31990
31991
32009
32010
32011
32817
32818
32819
32820
32821
32822
32823
32830
32831
32832
32833
32834
32835
32836
32837
32838
32839
32840
32841
32902
32936
32937
32938
33030
33031
33057
33058
33059
33745
33746
33769
33770
33771
33772
33773
33774
33829
33865
33866
33867
33959
34051
34052
34053
34145
34146
34147
34148
34149
34177
34896
34897
34898
34899
34900
34901
34902
34903
34904
34976
35006
35007
35008
35009
35103
35932
35933
35934
35935
35936
35937
35938
35939
35940
35941
35942
35943
35944
35945
35946
35947
35948
35949
35950
35951
35952
35953
35954
35955
35956
36061
36062
36063
36164
36165
36214
36264
36265
36343
