93
94
95
96
97
98
99
100
101
102
109
111
112
113
114
115
116
117
922
923
924
938
939
940
941
942
943
944
945
1002
1039
1040
1041
1123
1124
1225
1226
1267
1326
1327
1328
1361
1435
1436
1437
1438
1439
1440
1441
1442
1443
1444
1445
1446
1447
1448
1449
1450
2322
2323
2351
2352
2353
2354
2355
2458
2459
2559
2560
2656
2657
2698
2757
2758
2759
2760
2761
2787
2788
2789
3168
3655
3656
3657
3658
3659
3660
3661
3662
3663
3664
3665
3666
3667
3668
3669
3670
3671
3672
3747
3781
3782
3783
3784
3885
3886
3887
3987
3988
4087
4088
4191
4192
4193
4194
4195
4196
4197
4198
4199
4200
4214
4215
4216
4217
4218
4219
5095
5096
5097
5098
5112
5113
5114
5115
5116
5117
5118
5119
5120
5121
5122
5186
5223
5224
5225
5280
5326
5327
5427
5428
5429
5472
5530
5531
5532
5567
5640
5641
5642
5643
5644
5645
5646
5647
5648
5649
5650
5651
5652
5653
5654
5655
5656
5657
5658
6533
6534
6561
6562
6563
6564
6565
6566
6628
6668
6669
6768
6769
6816
6870
6871
6912
6972
6973
6974
6975
6976
6977
7004
7005
7006
7880
7881
7882
7883
7884
7885
7886
7887
7888
7889
7890
7891
7892
7893
7894
7969
8002
8003
8004
8005
8106
8107
8108
8208
8254
8309
8310
8311
8350
8413
8414
8415
8416
8417
8418
8419
8420
8421
8438
8439
8440
8441
8442
9320
9321
9322
9323
9324
9331
9333
9334
9335
9336
9337
9338
9339
9340
9341
9342
9343
9344
9345
9413
9450
9451
9452
9554
9555
9653
9654
9698
9755
9756
9757
9758
9792
9863
9864
9865
9866
9867
9868
9869
9870
9871
9872
9873
9874
9875
9876
9877
9878
9879
9880
9881
9882
9883
9884
10079
10751
10752
10776
10777
10778
10779
10780
10781
10843
10883
10884
10885
10985
10986
11083
11084
11085
11126
11187
11188
11189
11190
11221
12099
12100
12101
12102
12103
12104
12105
12106
12107
12108
12109
12185
12218
12219
12220
12221
12280
12321
12322
12372
12421
12422
12468
12522
12523
12524
12562
12626
12627
12628
12629
12630
12631
12632
12633
12652
12653
12654
12655
13528
13529
13530
13531
13532
13533
13534
13535
13536
13537
13538
13539
13540
13541
13542
13543
13544
13545
13546
13547
13548
13549
13550
13551
13552
13620
13656
13657
13658
13659
13714
13759
13858
13859
13903
13960
13961
13962
13998
14069
14070
14071
14072
14073
14074
14075
14076
14077
14078
14079
14080
14081
14082
14083
14084
14085
14086
14087
14088
14089
14090
14963
14964
14988
14989
14990
14991
14992
14993
14994
15095
15096
15097
15150
15196
15197
15246
15298
15299
15342
15401
15402
15403
15404
15405
15436
15437
15819
16314
16315
16316
16317
16318
16319
16403
16434
16435
16436
16437
16438
16539
16540
16640
16641
16742
16743
16782
16845
16846
16847
16848
16849
16850
16851
16852
16874
16875
16876
17754
17755
17756
17757
17758
17759
17760
17761
17762
17763
17764
17765
17766
17767
17768
17769
17770
17771
17772
17773
17774
17775
17776
17777
17884
17885
17886
17942
17987
17988
18038
18088
18089
18189
18190
18191
18227
18297
18298
18299
18300
18301
18302
18303
18304
18305
18306
18307
18308
18309
18310
18311
18312
18313
18314
18315
18316
18317
18318
18319
18320
19198
19199
19200
19201
19222
19223
19224
19225
19226
19227
19228
19292
19351
19397
19398
19447
19499
19500
19602
19603
19604
19605
19637
19717
19718
19719
19720
19721
19723
20605
20606
20637
20638
20639
20640
20742
20743
20744
20796
20844
20845
20911
20945
20946
20947
20986
21047
21048
21049
21050
21051
21052
21077
21078
21956
21957
21958
21959
21960
21961
21962
21963
21964
21965
21966
21967
21968
21969
21970
21971
21972
21973
21974
21975
21976
21977
22048
22084
22085
22086
22186
22187
22188
22288
22289
22340
22389
22390
22391
22429
22496
22497
22498
22499
22500
22501
22502
22503
22504
22505
22506
22507
22508
22509
22514
22515
22516
22517
22518
22519
22520
22521
22522
23401
23402
23403
23422
23423
23424
23425
23426
23427
23428
23429
23430
23534
23535
23536
23636
23637
23638
23687
23738
23739
23740
23840
23841
23842
23843
23876
23950
23951
23952
23953
23954
23955
23956
23957
23958
23959
23960
23961
23962
23963
23964
24071
24846
24847
24876
24877
24878
24879
24880
24941
24982
24983
24984
25085
25086
25187
25188
25228
25289
25290
25291
25292
25293
25320
25321
26203
26204
26205
26206
26207
26208
26209
26210
26211
26212
26213
26214
26215
26216
26217
26218
26219
26220
26221
26222
26295
26329
26330
26331
26332
26390
26434
26435
26536
26589
26637
26638
26639
26681
26682
26683
26684
26685
26686
26687
26688
26689
26690
26702
26703
26704
26705
26706
26707
26708
27082
27083
27084
27585
27586
27587
27588
27604
27605
27606
27607
27608
27609
27610
27611
27612
27613
27717
27718
27719
27775
27820
27821
27922
27923
27967
28024
28025
28026
28027
28061
28135
28136
28137
28138
28139
28140
28141
28142
28143
28144
28145
28146
28147
28148
28149
28150
28151
28152
28153
29036
29037
29065
29066
29067
29068
29069
29070
29131
29172
29173
29174
29275
29276
29377
29378
29480
29481
29482
29483
29484
29485
29513
29514
30399
30400
30401
30402
30403
30404
30405
30406
30407
30408
30409
30410
30411
30412
30489
30523
30524
30525
30526
30624
30625
30626
30726
30727
30829
30830
30831
30934
30935
30936
30937
30938
30939
30940
30941
30942
30959
30960
30961
30962
30963
31838
31839
31840
31841
31842
31843
31852
31853
31854
31855
31856
31857
31858
31859
31860
31861
31862
31863
31864
31931
31967
31968
31969
32069
32070
32171
32172
32274
32275
32276
32310
32311
32383
32384
32385
32386
32387
32388
32389
32390
32391
32392
32393
32394
32395
32396
32397
32398
32399
32400
32401
32402
32403
32695
33285
33286
33310
33311
33312
33313
33314
33315
33316
33419
33420
33474
33520
33521
33622
33623
33665
33726
33727
33728
33729
33757
33758
34618
34619
34620
34621
34622
34623
34624
34625
34626
34627
34628
34629
34709
34742
34743
34744
34804
34846
34847
34948
34949
34996
35050
35051
35052
35091
35156
35157
35158
35159
35160
35161
35182
35183
35184
35185
36061
36062
36063
36064
36065
36066
36067
36068
36069
36070
36071
36072
36073
36074
36075
36076
36077
36078
36079
36080
36081
36082
36083
36084
36085
36153
36187
36188
36189
36190
36291
36292
36389
36390
36488
36489
36490
36595
36596
36597
36598
36599
36600
36601
36602
36603
36604
36605
36606
36607
36608
36609
36610
36611
36612
36613
36614
36615
36616
36617
37487
37488
37511
37512
37513
37514
37515
37516
37517
37580
37620
37621
37676
37721
37722
37723
37822
37823
37925
37926
37927
37928
37929
37960
37961
38844
38845
38847
38848
38849
38850
38933
38934
38964
38965
38966
38967
39027
39069
39070
39071
39171
39172
39219
39229
39273
39274
39275
39314
39377
39378
39379
39380
39381
39382
39405
39406
39407
40288
40289
40290
40291
40292
40293
40294
40295
40296
40297
40298
40299
40300
40301
40302
40303
40304
40305
40306
40307
40308
40309
40310
40311
40382
40418
40419
40420
40477
40522
40523
40573
40624
40625
40669
40726
40727
40728
40764
40769
40834
40835
40836
40837
40838
40839
40840
40841
40842
40843
40844
40845
40846
40847
40848
40849
40850
40851
40852
40853
40854
40855
40856
40857
41738
41739
41740
41761
41762
41763
41764
41765
41766
41767
41832
41871
41872
41973
41974
41975
42023
42075
42076
42119
42176
42177
42178
42179
42211
42212
42289
42290
42291
42292
42293
42294
42295
42296
42297
42298
42299
